3795
526
4823
2770
1006
266
1845
592
721
3710
1153
2385
1055
1834
261
61
1682
2594
3
1694
2534
4173
3692
3931
2300
2873
2927
3763
4816
2997
3036
4674
1580
3605
3445
1916
2223
24
2477
2765
3347
404
4495
1082
2353
641
4974
1453
174
3699
4746
3173
3505
3838
1454
309
752
120
196
2372
4636
4943
4797
4988
4713
2022
1921
979
1973
2016
4803
1030
2010
2859
2583
989
2
3178
2058
1689
3388
2739
1216
837
3732
3020
3041
2022
1699
374
4502
3132
1431
2596
2000
2082
633
4635
258
3461
196
1579
4764
830
434
3224
502
4229
857
2289
2355
365
4558
2355
3827
4247
1793
4372
2155
1963
3449
2081
1444
580
4388
4558
2280
844
921
3831
2827
2744
293
3325
404
4709
2853
1233
682
990
3389
1342
919
3219
2803
3972
3188
4495
3334
3312
2195
4320
525
3655
4840
2697
2508
2184
2808
3671
230
2780
3004
1133
4631
4859
1313
197
13
863
1957
1018
3000
3713
69
3198
4388
3498
4658
3530
2911
1043
580
124
1186
1663
802
414
4277
2616
4512
4800
2281
3753
1058
1611
4267
2311
1467
4494
1606
1102
4955
1990
2270
3559
4876
3508
440
3
878
2354
1138
2389
1583
4692
568
4886
2390
3638
963
2942
1821
1962
7
2603
83
656
2609
3368
3966
1614
3903
2006
4259
499
671
4637
509
4244
3955
2330
1040
995
2297
638
1768
4131
4764
4839
3290
3415
995
3798
762
1161
282
2125
3332
2541
4620
4106
3875
1580
1605
4412
4856
3398
3738
1718
2634
1266
1680
1096
3401
3346
4357
3680
4985
1383
52
3125
1790
4891
408
1963
4676
228
2020
2884
430
3693
4353
4645
1724
1267
5000
3849
1506
196
2867
2315
1696
2164
3699
218
3547
4346
786
3380
4008
1761
3877
2594
1325
990
815
1153
179
3903
982
4888
498
2427
2897
4560
4016
4565
1272
466
1542
4247
1569
1404
3286
722
862
2052
1977
3428
3873
1892
3360
1217
1165
4932
3569
1025
401
277
4116
1983
4420
1491
4064
4937
1596
4923
2216
2662
4996
1333
1356
2204
2159
398
3633
2507
3707
863
195
614
1811
903
1264
1844
3344
4553
2220
3415
1728
1313
1886
2283
2764
2855
2029
3510
4544
3760
3971
2147
4138
58
4040
3970
1347
3657
4311
3255
57
4327
2959
2337
1601
862
3238
4719
3252
543
3454
1988
3546
4574
4962
3012
4919
800
4475
611
48
4961
1410
1743
481
2245
3868
647
1758
1216
3803
540
4788
692
3667
528
757
1280
3101
4600
1612
4226
3889
2078
3015
605
959
4404
4808
363
3697
1590
4857
3034
923
127
4509
2943
441
592
2759
489
4729
3377
460
1202
4834
174
1811
3695
1141
3416
89
925
4848
4294
1749
2469
1990
749
3086
4382
194
4558
4477
2197
2609
321
3620
3054
647
3939
3205
745
4876
4899
4477
4129
4977
1727
1779
4989
4872
558
1929
3985
4947
2287
140
3442
2567
2610
3947
3653
936
1994
3939
1910
3529
4718
1088
4174
4973
4944
2354
638
3131
560
160
749
3877
161
2118
2551
2039
3826
1449
3207
4866
807
3357
3378
4661
3636
4461
4733
4038
1384
3868
4035
2309
541
900
1491
2222
813
4650
445
1400
223
2732
2993
1313
4649
1357
1647
418
2109
3423
345
3144
2441
3205
4761
1046
152
2497
469
4147
3454
2572
92
1271
1966
4139
3820
2576
3771
545
1283
4159
584
3786
2639
4577
4188
3080
2748
974
3681
278
3821
1630
3194
818
1091
863
1455
1781
3243
1730
364
2932
4124
2790
1794
3158
2085
4965
2462
2399
2592
1789
2083
1166
2689
1725
1361
3486
3985
2662
2286
58
3104
125
816
2646
443
1285
2272
2184
1345
2534
3177
2260
612
2568
1845
4241
282
3344
4727
659
1593
2124
28
3853
2268
2243
4798
1543
459
1307
3148
2541
806
1249
1102
51
208
3343
3691
482
4707
4750
1657
571
3398
1161
4865
1069
65
1956
1357
211
4499
3059
4472
2584
2011
4192
563
4994
3063
1255
1880
2839
58
2756
2353
1386
4734
600
1346
3616
4029
1733
2823
2610
686
806
4374
2777
4837
1780
2260
3517
3141
719
621
204
2412
1569
2888
807
396
1852
4981
3715
4424
4731
3688
4884
4972
4000
1657
2206
3681
2930
1146
2749
1031
2579
3870
2533
23
4733
1642
2462
1992
2685
4209
2325
1947
2122
987
1251
979
2232
1006
2616
4115
468
4924
310
4755
4415
1041
2567
4736
4275
3547
1114
1769
4891
4835
3754
3761
1980
3861
4548
4302
4242
3872
3898
4765
852
2150
4626
816
2629
678
833
2000
4491
4242
4834
3376
787
4826
2717
179
1824
1656
1228
29
3023
469
4556
2735
1812
1123
1764
832
4674
4934
2870
2940
2872
4938
161
2310
750
4751
4301
2764
258
3565
1428
1850
4320
1351
2174
949
3976
362
3859
1432
335
282
3276
3324
3080
3193
1443
2102
3022
3781
3401
2742
3643
3037
3241
2232
3300
2564
3807
3279
4986
1263
554
3672
758
4974
4790
4795
3447
483
3766
2714
3226
4622
752
2030
1034
1100
3632
1139
4043
683
1544
4128
101
3794
3813
1105
3399
629
1741
1456
1997
4136
2950
4138
962
2117
4244
1546
4527
2462
1966
4867
4431
825
2373
745
2232
2128
595
4081
2642
4251
3341
4937
600
874
3094
139
3321
4747
2228
4135
691
4647
2488
2358
83
38
309
528
4877
4109
2028
3093
3368
4235
4269
4732
1180
2792
387
4662
4070
2116
3254
465
3241
1335
1607
1084
4279
391
4333
251
4288
2093
1524
518
3088
3839
4711
1408
2465
4159
1412
1954
2201
4477
4785
1202
3404
3338
527
1688
1692
3171
362
1313
3062
2985
139
3209
82
4121
4989
2532
2504
911
4493
4303
2196
2176
189
1288
335
1197
4740
365
4451
290
2601
224
892
3188
407
4297
2166
3871
3221
4299
3825
1867
4344
4100
3909
4170
536
1059
1712
2434
2132
1666
2441
3024
4252
4522
3098
1111
140
927
4763
2968
1570
1368
1487
343
1568
1254
4636
3156
1928
3103
4718
1614
4413
3778
4559
4417
2143
3205
358
4097
604
2649
952
3218
2630
266
1693
2516
2414
2430
2832
3518
2619
2780
997
2135
15
2681
1390
521
2948
280
4530
3932
403
1449
4207
2150
2459
1598
1459
4324
3281
4692
2694
3125
3034
2143
4620
2644
4978
3968
2729
4355
278
1252
3964
762
1175
2392
1765
700
2567
3713
4324
1351
1623
4080
3790
3856
2624
626
1152
2737
3691
4752
3551
4460
3017
975
1408
523
1291
3273
1035
1542
4799
4580
3607
3708
4680
3739
2404
390
2436
783
4552
1114
4490
976
3675
1204
4364
1828
4276
3564
4424
200
373
4081
1037
4429
1538
1416
1166
1667
4852
1594
3964
1329
4503
3403
4685
3067
3063
4869
2916
4989
947
282
2209
2380
3038
2865
3944
4283
2806
4340
4677
2011
1281
1042
2139
4619
3122
2635
1722
2503
4704
4752
2240
1141
1634
1971
347
3974
16
1401
2155
824
2820
3569
1091
3260
3958
2857
1116
3430
4955
1720
1842
348
4059
1799
2725
1840
4568
1003
1342
1394
3073
2991
728
1709
1023
250
3952
1322
650
2013
1569
2348
1320
4415
3143
1060
4902
2682
3178
907
3895
4235
4598
2113
237
3820
2717
976
403
3111
1943
4744
1614
1216
1478
3998
4241
2772
615
4959
630
3310
121
2877
238
4383
1753
2495
1644
1586
1114
4402
4962
3691
1546
1601
3949
3875
2933
1400
4479
1476
3534
4304
3279
2237
3156
2188
251
1104
4406
1083
702
258
3329
1180
2254
312
188
4170
4529
4286
4337
4945
4492
2755
4042
2242
883
3520
4595
3577
805
174
1874
1447
3413
3771
3608
2384
3436
4020
1775
4931
299
4123
4564
2252
410
2104
2072
3673
812
746
4829
656
1609
3931
2327
4655
3412
3880
782
3611
4579
2890
3076
1299
2894
522
3746
3061
1785
847
2758
711
2172
2382
2516
1257
4084
917
513
2438
4702
451
1252
1526
140
953
3922
3886
2780
4784
553
1339
2734
4184
2230
1323
4489
1064
4993
1994
4698
1728
3312
1686
48
3589
47
1020
4073
2603
2445
2478
1245
4670
3552
2930
4066
4159
2891
4459
1053
3902
291
3741
2102
2334
4721
2450
4261
4478
2027
426
4223
838
1845
2064
2254
4386
1755
1881
3363
2433
634
1759
3190
3091
1472
1931
2921
2650
197
496
4757
420
3916
270
1547
3183
1595
2584
3766
170
3417
4654
1864
81
468
4337
2317
2267
1284
4207
3041
3225
4640
4307
2218
769
4574
3134
544
4246
2631
2678
636
3669
3085
4851
565
3154
1641
1620
16
4438
1827
748
3972
1321
989
3717
1019
749
3193
1743
572
3058
4069
2082
2026
720
1207
1599
4579
3333
3230
149
2904
2401
2029
1994
282
3633
2288
3274
3598
188
4675
535
4587
2136
2206
2120
2107
2732
1230
2219
1025
1058
1371
2323
994
147
2746
3516
2228
4252
2605
3885
3634
4108
905
2886
4947
2419
2775
4574
3282
1171
1432
1479
4189
556
2015
2699
2835
1824
2061
668
4917
1329
3272
2296
1729
1544
4267
923
2044
1547
4027
4516
1567
4193
3454
4960
786
3191
2374
4780
193
2582
611
3000
904
4542
3079
4835
1356
387
4613
4126
3853
1376
4622
3615
2142
3695
380
3359
118
2566
1228
2128
4187
1379
1120
1606
2318
2658
2157
2987
4771
4283
2428
853
1140
2170
2209
4182
2506
92
4645
4369
538
158
666
4552
2450
2428
1216
181
4278
2983
1058
3815
2090
926
4449
2525
3371
4425
134
4045
2910
4662
3046
2658
2223
2492
1418
4371
1008
577
1652
974
4428
3948
4407
2825
2709
2403
2219
2544
1625
446
2765
3642
1652
382
1576
3604
4650
1089
4864
2964
4932
3981
3041
4710
3025
977
105
2872
3698
1345
1689
2383
2838
3468
2670
3094
2220
2354
958
4172
4727
146
1605
2845
1980
4418
3972
3615
3313
4850
3489
4754
4985
3597
3878
3221
160
3197
3530
4507
4225
1211
4173
4094
4197
2712
4515
629
1250
2131
3140
2682
4914
191
4006
924
3725
2603
4853
1756
781
1173
3095
4936
3809
3163
1162
3572
358
3591
4049
1897
2061
4668
2758
1096
1552
4252
4045
1530
3517
2872
588
183
2158
93
416
2713
4642
320
1484
2597
3152
2261
3854
1238
3285
1940
1997
2929
3759
2353
3624
3082
1907
2111
2899
4943
992
2390
1873
179
925
4305
2554
3027
711
3809
243
1283
3738
2750
844
140
4346
64
656
913
1577
1188
773
1056
1910
4837
4414
4354
3229
4111
3484
79
4231
2903
696
3742
435
3159
3914
3833
1476
704
1560
4851
4263
296
4844
3060
3345
13
525
2508
208
2705
522
510
4101
2099
645
4753
1674
863
4416
3017
3475
3942
4748
2564
3660
4650
2091
3095
2446
4592
3144
4225
2158
658
3386
266
2670
2434
164
495
1256
2844
571
794
254
3799
1993
25
522
3559
3906
3516
4711
1049
4186
4296
491
2255
2567
480
2565
1025
3247
2002
1679
1628
4795
3250
1086
330
1363
3575
1410
4337
3619
4764
1342
4411
4365
334
3680
1399
2252
3202ggg
5000jj