4704
2086
664
285
2988
2893
4501
2822
2969
4334
1782
2351
2075
3556
4741
2333
2169
4523
2625
1523
34
3434
3262
1469
119
113
2341
3931
1396
1663
787
2096
4737
4931
3767
4489
4234
462
3552
2769
2563
3239
1402
3487
4249
2880
4816
3427
4309
2592
993
1813
2078
2004
1650
2151
1461
2594
179
2758
2278
722
4346
1571
4092
2979
2933
630
1273
1548
4377
402
2131
921
4612
3458
298
3612
223
2688
2506
2254
579
997
170
1021
4472
178
408
1465
4784
3051
482
4567
4855
2801
3169
1050
3948
4255
4903
2459
217
960
3986
271
311
1478
2616
3997
4208
3405
638
2451
94
4857
4650
4505
1667
3490
2897
3560
1087
3938
3490
4544
3998
1768
879
843
2579
4475
3320
1481
4734
3827
318
2406
2442
3658
3671
3791
3190
2723
1328
198
1697
4458
4654
4810
2268
3117
2226
1934
665
4071
3548
500
900
3274
27
4679
860
1252
4282
3647
3257
4205
3459
3282
4773
4185
1544
2596
54
3572
3775
3104
1698
3465
2926
4816
4579
229
555
3248
907
1039
2065
3316
2189
2005
3839
887
4970
1937
4294
1468
14
3015
135
3703
2703
4351
1419
3938
758
1381
2184
4340
2201
4477
3052
404
267
4788
3348
576
13
177
720
4849
3349
197
1620
1334
3379
1240
2065
990
4098
3393
4998
2794
286
2934
4353
523
4149
3530
4384
1892
1531
3305
4211
4714
996
299
1139
1688
2060
975
4586
4864
778
3043
4824
1529
2887
1084
3845
2939
1857
3023
1243
2719
4941
4372
245
1269
3157
174
4374
2804
1125
3213
3603
4862
1926
4601
4771
2117
3584
4266
4101
3832
1772
3369
4945
632
4889
1254
2741
4459
3226
4193
2737
4657
4879
3537
2306
2978
4446
1575
412
1668
1279
2991
2826
2460
1361
4047
3544
3457
491
958
1026
3915
4412
4681
2539
4760
599
3821
2583
4497
4918
3392
1659
3658
3084
807
3544
3536
670
1835
2642
4306
143
3477
4491
4858
1578
775
395
3891
4968
1835
1689
1402
4977
3076
4718
3526
3744
3213
4214
1540
1764
1538
4279
627
2506
1911
786
1687
316
1003
310
4095
1265
679
2031
941
632
2553
276
3358
2346
146
2189
2311
3864
1297
4783
1706
3383
2361
1696
4337
1633
688
3867
3511
234
3190
4145
2831
194
4904
3963
1779
2458
2646
732
1780
37
3806
1745
2863
3985
4733
2813
1295
3214
2673
865
4262
4762
3914
1361
2260
4457
9
378
992
3372
4413
293
1408
3303
777
4630
3572
3772
2425
790
1239
3036
4923
337
3658
4214
4327
155
2748
2968
4748
3945
953
2587
2080
3813
3248
3547
4859
1029
2670
424
1017
3737
955
4077
1885
4243
402
1750
2082
4695
4000
4063
725
2694
1782
900
4883
4929
4895
4321
211
4639
4406
2626
4317
3966
1086
2955
4772
1491
3940
2301
4999
2958
3182
263
717
454
3240
4265
1022
4334
728
4152
936
2026
4414
2478
2716
1568
4717
2028
3105
1460
842
1487
1132
4002
1062
2563
1160
1356
580
851
3361
971
2734
1244
2231
3263
3789
1652
3775
842
2772
3511
4961
1188
4459
4147
4634
3582
1657
2071
3093
2663
1634
2365
802
1320
2826
2279
2866
2357
4264
439
3291
699
328
4349
646
4763
962
1086
1949
2392
4925
1834
2401
4507
1593
432
2016
2868
4019
779
913
3418
109
4163
3591
3305
3637
2846
626
1793
266
743
1617
1217
3393
3091
829
4821
914
4203
271
2106
3617
4169
2306
3971
3440
4076
3900
2291
977
2655
403
745
79
4297
2396
980
2882
617
1008
3030
2192
4379
1666
2975
3618
2119
4431
2363
1728
1779
210
2019
2437
3109
4923
3268
3227
1555
2115
1966
4088
257
4877
2382
636
4971
2629
1214
18
2265
3931
88
3953
721
2654
4297
430
4477
3182
3766
2757
1862
228
3126
729
2719
2758
4742
2197
561
237
1129
2109
4336
631
814
2577
142
2527
4547
854
3276
3434
451
624
4946
814
3344
1249
3704
3826
3208
4268
2988
1266
1464
4059
2251
3538
1240
1226
4328
4107
74
328
1080
3652
2263
2845
3858
4280
1404
1939
2737
3998
941
3727
3140
1209
682
678
3435
1864
1500
4264
4713
2388
2453
264
4994
2503
4960
2466
1625
1456
4618
2613
4370
4964
417
1125
2133
3517
2804
4224
4438
2268
2143
493
1463
2745
2055
3344
2645
535
2574
2888
455
3715
2224
114
3037
4621
3821
57
2265
1809
1654
1747
3183
2512
1343
575
444
1090
605
4809
4921
4236
609
241
4135
4703
4804
3529
2600
691
4515
219
841
1171
3134
4730
67
632
3821
1585
4645
735
1
1234
4449
1397
4251
2837
122
3674
2835
1967
2699
1366
2664
1281
1901
3140
3155
451
1326
2309
1586
4647
923
2719
3807
2402
4338
543
2019
2669
2383
1871
2842
233
4978
3065
813
3394
2248
2007
3750
1772
4045
4184
3146
1389
3947
3813
1998
4953
2717
583
3221
957
636
1399
356
3568
959
4878
3114
588
100
2235
4061
3817
1613
3189
1786
2489
13
3424
124
4903
4004
1718
1008
1843
110
1615
326
1500
2060
361
2748
1648
26
3379
1610
4419
740
1779
2877
4718
1015
3135
3755
524
1851
2285
484
1636
3166
4398
738
1508
276
3994
1262
900
744
968
613
3115
4221
1922
4992
2352
4289
1020
3686
107
3498
1266
2693
3483
2428
317
3228
2174
2319
4606
3709
3010
5000
2507
4613
796
901
3759
1271
1031
2206
514
1783
1834
653
1666
3411
3371
3198
4778
428
4143
986
3312
346
2891
4609
800
4305
4922
17
2977
1364
2085
2994
1346
3482
275
3078
223
4389
1532
3678
2189
1192
4374
551
2761
2907
3993
3109
4021
287
3679
657
346
4255
4550
4022
2169
3866
2804
4642
3691
3559
65
4427
4506
4224
2857
1908
1413
623
4636
1586
3057
1993
3399
1409
522
934
2259
4123
3711
1261
4850
4602
977
2222
3771
2825
2965
338
2326
2594
2123
4560
4792
3468
4429
558
4212
1876
3718
315
4982
4276
3080
1086
901
1538
2446
2696
3310
1862
3434
491
2594
3182
3350
2904
4349
4253
3712
4323
3712
2284
2441
4798
2730
3261
4938
881
3063
2001
399
4419
4551
2876
3694
1660
4537
2151
4090
2227
835
1880
3657
2843
3128
4571
4806
4900
3561
4419
3684
4685
4911
3023
2898
23
808
3951
310
1252
3299
1011
3339
1796
2054
723
3094
1763
1340
2877
589
4675
512
2967
4237
4958
4651
132
3566
3449
2739
704
14
4036
4298
2969
528
876
711
2643
586
4663
2297
2878
3298
3606
182
3677
2070
2029
3522
3202
4211
122
1550
3402
702
4201
2413
3410
2262
2472
1991
3102
2492
460
3013
2410
3519
485
1635
528
3534
3405
1375
4638
3657
4073
1036
3504
3017
2122
2987
36
4788
755
3046
4819
4100
4730
970
3282
1156
4969
3525
1493
613
3082
2541
76
2528
4501
3404
3943
2972
2997
797
255
2171
64
2647
4661
1929
4944
2054
242
4433
3849
1117
3341
700
2976
378
4552
2224
3182
1752
172
923
2918
1124
3655
2411
3133
4962
4619
650
1001
2422
44
4616
1873
3396
2887
2202
123
2475
4
2715
1990
441
3576
1636
1851
4504
419
133
4422
1973
2170
270
1170
3276
1137
2464
1537
4512
4833
3394
4223
3399
3625
163
636
1346
573
1641
3314
789
1393
4102
1215
4512
1872
3631
4066
4980
440
261
939
1142
3689
2938
836
4853
1341
1217
1244
3893
959
895
738
2916
444
1724
2574
4611
4003
2979
2806
1774
342
4777
3159
3049
2877
2842
2033
3824
611
2821
12
248
2541
2794
2814
4612
3047
2529
3639
2465
1680
2616
2328
2045
3262
2697
4610
42
3333
4361
3949
86
1053
4865
3479
2480
834
4267
1210
1815
1028
2945
974
1041
255
1636
1008
3479
3546
2327
3845
1281
2277
2591
4977
4451
673
3533
2239
4431
458
2120
3995
1546
1460
1355
994
379
3895
427
4003
845
696
4610
3767
3079
2412
4624
2754
2092
4987
203
375
2812
2880
2808
4637
2208
2399
339
2242
4920
4026
4274
4127
3298
2167
4703
1338
2923
1654
3911
4464
3418
3061
2463
4113
4986
2780
4696
370
2333
4812
1994
3307
4418
2259
1977
2583
1135
707
3276
282
3435
3421
1096
1989
1725
2164
1225
2968
3070
2279
4595
3071
3318
1907
399
856
3926
4601
807
1688
65
1022
787
1106
58
4509
4920
4528
1465
1199
2565
860
1245
3636
4844
655
4653
560
1366
3461
1393
2725
374
4085
3007
1487
4318
2155
4277
1056
1914
4023
3184
2871
4004
2754
2989
1992
7
1476
2552
1757
1145
436
4769
3001
1128
2921
4034
3137
2780
1383
3753
2508
1841
1192
1359
2036
3467
4830
240
4083
3645
4636
1207
2301
461
3354
4124
1865
774
2878
3991
1850
2231
2330
1189
1883
342
513
3797
3282
2521
3009
220
3617
2606
3015
3640
247
2120
3772
217
513
1796
258
883
2950
882
3177
845
1157
3533
327
3790
1331
3923
881
1332
2675
3985
1882
1232
550
2414
4772
3027
561
2495
671
20
2523
1482
147
4360
2183
1641
3880
3521
618
4842
4499
2498
3606
1919
4150
1369
3783
1634
4889
955
4565
2141
4129
2185
4218
4744
4175
2968
4761
3451
2321
3964
1141
2898
3810
2674
2562
3221
2497
212
3761
4418
351
4717
3749
2080
2644
3674
3866
3792
1979
2949
437
4379
3447
109
1559
4436
491
2196
1131
787
429
1406
520
859
640
1533
178
3014
2308
2025
2497
863
3265
2651
568
4916
437
3836
4962
2582
767
2860
2671
339
105
4937
1849
352
3490
2041
1203
2500
3356
2699
3595
4174
244
2966
1356
2028
4532
753
3618
746
593
1108
2559
230
4644
4329
153
2692
2153
2577
3956
3822
1579
2329
4527
4428
752
2533
454
1487
211
4741
3345
2587
1942
2093
862
1849
1373
3493
2590
2233
3382
4798
3796
1230
4220
4174
4339
2865
2371
1416
4005
3023
1444
2319
3295
2501
3241
3873
4987
3654
4350
1524
2865
2988
1296
3190
439
2242
1175
2683
1251
435
3312
1007
2054
4813
3887
276
4498
552
3249
3160
3375
3235
1139
1418
3008
3176
1842
2290
2081
2724
991
4302
2374
1837
4534
1188
4175
906
4461
4610
3178
4894
2336
3569
1261
630
3039
2543
4113
4141
859
4730
4938
1218
2955
2130
3666
2309
168
355
1328
754
1949
3223
71
2525
164
499
1833
584
150
720
2281
4664
729
2794
3888
4130
3630
3038
1592
4777
4619
2166
2161
1442
678
3323
3504
2796
4812
4079
189
3154
4177
3901
2578
1404
2475
4914
1560
2394
4712
3782
70
704
681
4758
4347
1233
2166
3274
4061
4457
1721
557
4605
2188
913
1189
4013
2126
643
68
4125
3577
4642
4327
1933
2507
2363
2039
24
3881
2841
2166
1105
3267
729
437
3222
830
3899
2313
1118
32
1157
3054
4066
835
2181
850
935
2978
569
4369
4720
4340
4447
4272
3644
3895
3830
557
266
3904
4090
38
2345
1459
3546
3739
4767
16
4047
3973
1049
4823
726
3215
3629
696
4693
3723
129
2748
1312
4786