1
2
3
3
4
7
7
9
12
13
13
13
13
14
14
15
16
16
16
17
18
20
23
23
24
24
25
26
27
28
29
32
34
36
37
38
38
42
44
47
48
48
51
52
54
57
57
58
58
58
58
61
64
64
65
65
65
67
68
69
70
71
74
76
79
79
81
82
83
83
86
88
89
92
92
93
94
100
101
105
105
107
109
109
110
113
114
118
119
120
121
122
122
123
124
124
125
127
129
132
133
134
135
139
139
140
140
140
140
142
143
146
146
147
147
149
150
152
153
155
158
160
160
161
161
163
164
164
168
170
170
172
174
174
174
174
177
178
178
179
179
179
179
181
182
183
188
188
189
189
191
193
194
194
195
196
196
196
197
197
197
198
200
203
204
208
208
210
211
211
211
212
217
217
218
219
220
223
223
223
224
228
228
229
230
230
233
234
237
237
238
240
241
242
243
244
245
247
248
250
251
251
254
255
255
257
258
258
258
258
261
261
263
264
266
266
266
266
266
267
270
270
271
271
275
276
276
276
277
278
278
280
282
282
282
282
282
282
285
286
287
290
291
293
293
296
298
299
299
309
309
310
310
310
311
312
315
316
317
318
320
321
326
327
328
328
330
334
335
335
337
338
339
339
342
342
343
345
346
346
347
348
351
352
355
356
358
358
361
362
362
363
364
365
365
370
373
374
374
375
378
378
379
380
382
387
387
390
391
395
396
398
399
399
401
402
402
403
403
403
404
404
404
407
408
408
410
412
414
416
417
418
419
420
424
426
427
428
429
430
430
432
434
435
435
436
437
437
437
439
439
440
440
441
441
443
444
444
445
446
451
451
451
454
454
455
458
459
460
460
461
462
465
466
468
468
469
469
480
481
482
482
483
484
485
489
491
491
491
491
493
495
496
498
499
499
500
502
509
510
512
513
513
513
514
518
520
521
522
522
522
522
523
523
524
525
525
526
527
528
528
528
528
535
535
536
538
540
541
543
543
544
545
550
551
552
553
554
555
556
557
557
558
558
560
560
561
561
563
565
568
568
569
571
571
572
573
575
576
577
579
580
580
580
583
584
584
586
588
588
589
592
592
593
595
599
600
600
604
605
605
609
611
611
611
612
613
613
614
615
617
618
621
623
624
626
626
627
629
629
630
630
630
631
632
632
632
633
634
636
636
636
636
638
638
638
640
641
643
645
646
647
647
650
650
653
655
656
656
656
657
658
659
664
665
666
668
670
671
671
673
678
678
678
679
681
682
682
683
686
688
691
691
692
696
696
696
699
700
700
702
702
704
704
704
707
711
711
711
717
719
720
720
720
721
721
722
722
723
725
726
728
728
729
729
729
732
735
738
738
740
743
744
745
745
745
746
746
748
749
749
749
750
752
752
752
753
754
755
757
758
758
762
762
767
769
773
774
775
777
778
779
781
782
783
786
786
786
787
787
787
787
789
790
794
796
797
800
800
802
802
805
806
806
807
807
807
807
808
812
813
813
814
814
815
816
816
818
824
825
829
830
830
832
833
834
835
835
836
837
838
841
842
842
843
844
844
845
845
847
850
851
852
853
854
856
857
859
859
860
860
862
862
862
863
863
863
863
863
865
874
876
878
879
881
881
882
883
883
887
892
895
900
900
900
900
901
901
903
904
905
906
907
907
911
913
913
913
914
917
919
921
921
923
923
923
923
924
925
925
926
927
934
935
936
936
939
941
941
947
949
952
953
953
955
955
957
958
958
959
959
959
960
962
962
963
968
970
971
974
974
974
975
975
976
976
977
977
977
979
979
980
982
986
987
989
989
990
990
990
991
992
992
993
994
994
995
995
996
997
997
1001
1003
1003
1006
1006
1007
1008
1008
1008
1008
1011
1015
1017
1018
1019
1020
1020
1021
1022
1022
1023
1025
1025
1025
1026
1028
1029
1030
1031
1031
1034
1035
1036
1037
1039
1040
1041
1041
1042
1043
1046
1049
1049
1050
1053
1053
1055
1056
1056
1058
1058
1058
1059
1060
1062
1064
1069
1080
1082
1083
1084
1084
1086
1086
1086
1086
1087
1088
1089
1090
1091
1091
1096
1096
1096
1100
1102
1102
1104
1105
1105
1106
1108
1111
1114
1114
1114
1116
1117
1118
1120
1123
1124
1125
1125
1128
1129
1131
1132
1133
1135
1137
1138
1139
1139
1139
1140
1141
1141
1141
1142
1145
1146
1152
1153
1153
1156
1157
1157
1160
1161
1161
1162
1165
1166
1166
1170
1171
1171
1173
1175
1175
1180
1180
1186
1188
1188
1188
1189
1189
1192
1192
1197
1199
1202
1202
1203
1204
1207
1207
1209
1210
1211
1214
1215
1216
1216
1216
1216
1217
1217
1217
1218
1225
1226
1228
1228
1230
1230
1232
1233
1233
1234
1238
1239
1240
1240
1243
1244
1244
1245
1245
1249
1249
1250
1251
1251
1252
1252
1252
1252
1254
1254
1255
1256
1257
1261
1261
1262
1263
1264
1265
1266
1266
1266
1267
1269
1271
1271
1272
1273
1279
1280
1281
1281
1281
1283
1283
1284
1285
1288
1291
1295
1296
1297
1299
1307
1312
1313
1313
1313
1313
1320
1320
1321
1322
1323
1325
1326
1328
1328
1329
1329
1331
1332
1333
1334
1335
1338
1339
1340
1341
1342
1342
1342
1343
1345
1345
1346
1346
1346
1347
1351
1351
1355
1356
1356
1356
1356
1357
1357
1359
1361
1361
1361
1363
1364
1366
1366
1368
1369
1371
1373
1375
1376
1379
1381
1383
1383
1384
1386
1389
1390
1393
1393
1394
1396
1397
1399
1399
1400
1400
1401
1402
1402
1404
1404
1404
1406
1408
1408
1408
1409
1410
1410
1412
1413
1416
1416
1418
1418
1419
1428
1431
1432
1432
1442
1443
1444
1444
1447
1449
1449
1453
1454
1455
1456
1456
1459
1459
1460
1460
1461
1463
1464
1465
1465
1467
1468
1469
1472
1476
1476
1476
1478
1478
1479
1481
1482
1484
1487
1487
1487
1487
1491
1491
1491
1493
1500
1500
1506
1508
1523
1524
1524
1526
1529
1530
1531
1532
1533
1537
1538
1538
1538
1540
1542
1542
1543
1544
1544
1544
1546
1546
1546
1547
1547
1548
1550
1552
1555
1559
1560
1560
1567
1568
1568
1569
1569
1569
1570
1571
1575
1576
1577
1578
1579
1579
1580
1580
1583
1585
1586
1586
1586
1590
1592
1593
1593
1594
1595
1596
1598
1599
1601
1601
1605
1605
1606
1606
1607
1609
1610
1611
1612
1613
1614
1614
1614
1615
1617
1620
1620
1623
1625
1625
1628
1630
1633
1634
1634
1634
1635
1636
1636
1636
1641
1641
1641
1642
1644
1647
1648
1650
1652
1652
1652
1654
1654
1656
1657
1657
1657
1659
1660
1663
1663
1666
1666
1666
1667
1667
1668
1674
1679
1680
1680
1682
1686
1687
1688
1688
1688
1689
1689
1689
1692
1693
1694
1696
1696
1697
1698
1699
1706
1709
1712
1718
1718
1720
1721
1722
1724
1724
1725
1725
1727
1728
1728
1728
1729
1730
1733
1741
1743
1743
1745
1747
1749
1750
1752
1753
1755
1756
1757
1758
1759
1761
1763
1764
1764
1765
1768
1768
1769
1772
1772
1774
1775
1779
1779
1779
1779
1780
1780
1781
1782
1782
1783
1785
1786
1789
1790
1793
1793
1794
1796
1796
1799
1809
1811
1811
1812
1813
1815
1821
1824
1824
1827
1828
1833
1834
1834
1834
1835
1835
1837
1840
1841
1842
1842
1843
1844
1845
1845
1845
1849
1849
1850
1850
1851
1851
1852
1857
1862
1862
1864
1864
1865
1867
1871
1872
1873
1873
1874
1876
1880
1880
1881
1882
1883
1885
1886
1892
1892
1897
1901
1907
1907
1908
1910
1910
1911
1914
1916
1919
1921
1922
1926
1928
1929
1929
1931
1933
1934
1937
1939
1940
1942
1943
1947
1949
1949
1954
1956
1957
1962
1963
1963
1966
1966
1966
1967
1971
1973
1973
1977
1977
1979
1980
1980
1983
1988
1989
1990
1990
1990
1991
1992
1992
1993
1993
1994
1994
1994
1994
1997
1997
1998
2000
2000
2001
2002
2004
2005
2006
2007
2010
2011
2011
2013
2015
2016
2016
2019
2019
2020
2022
2022
2025
2026
2026
2027
2028
2028
2028
2029
2029
2029
2030
2031
2033
2036
2039
2039
2041
2044
2045
2052
2054
2054
2054
2055
2058
2060
2060
2061
2061
2064
2065
2065
2070
2071
2072
2075
2078
2078
2080
2080
2081
2081
2082
2082
2082
2083
2085
2085
2086
2090
2091
2092
2093
2093
2096
2099
2102
2102
2104
2106
2107
2109
2109
2111
2113
2115
2116
2117
2117
2118
2119
2120
2120
2120
2122
2122
2123
2124
2125
2126
2128
2128
2130
2131
2131
2132
2133
2135
2136
2139
2141
2142
2143
2143
2143
2147
2150
2150
2151
2151
2153
2155
2155
2155
2157
2158
2158
2159
2161
2164
2164
2166
2166
2166
2166
2167
2169
2169
2170
2170
2171
2172
2174
2174
2176
2181
2183
2184
2184
2184
2185
2188
2188
2189
2189
2189
2192
2195
2196
2196
2197
2197
2201
2201
2202
2204
2206
2206
2206
2208
2209
2209
2216
2218
2219
2219
2220
2220
2222
2222
2223
2223
2224
2224
2226
2227
2228
2228
2230
2231
2231
2232
2232
2232
2233
2235
2237
2239
2240
2242
2242
2242
2243
2245
2248
2251
2252
2252
2254
2254
2254
2255
2259
2259
2260
2260
2260
2261
2262
2263
2265
2265
2267
2268
2268
2268
2270
2272
2277
2278
2279
2279
2280
2281
2281
2283
2284
2285
2286
2287
2288
2289
2290
2291
2296
2297
2297
2300
2301
2301
2306
2306
2308
2309
2309
2309
2310
2311
2311
2313
2315
2317
2318
2319
2319
2321
2323
2325
2326
2327
2327
2328
2329
2330
2330
2333
2333
2334
2336
2337
2341
2345
2346
2348
2351
2352
2353
2353
2353
2354
2354
2354
2355
2355
2357
2358
2361
2363
2363
2365
2371
2372
2373
2374
2374
2380
2382
2382
2383
2383
2384
2385
2388
2389
2390
2390
2392
2392
2394
2396
2399
2399
2401
2401
2402
2403
2404
2406
2410
2411
2412
2412
2413
2414
2414
2419
2422
2425
2427
2428
2428
2428
2430
2433
2434
2434
2436
2437
2438
2441
2441
2441
2442
2445
2446
2446
2450
2450
2451
2453
2458
2459
2459
2460
2462
2462
2462
2463
2464
2465
2465
2466
2469
2472
2475
2475
2477
2478
2478
2480
2488
2489
2492
2492
2495
2495
2497
2497
2497
2498
2500
2501
2503
2503
2504
2506
2506
2506
2507
2507
2507
2508
2508
2508
2512
2516
2516
2521
2523
2525
2525
2527
2528
2529
2532
2533
2533
2534
2534
2539
2541
2541
2541
2541
2543
2544
2551
2552
2553
2554
2559
2562
2563
2563
2564
2564
2565
2565
2566
2567
2567
2567
2567
2568
2572
2574
2574
2576
2577
2577
2578
2579
2579
2582
2582
2583
2583
2583
2584
2584
2587
2587
2590
2591
2592
2592
2594
2594
2594
2594
2594
2596
2596
2597
2600
2601
2603
2603
2603
2605
2606
2609
2609
2610
2610
2613
2616
2616
2616
2616
2619
2624
2625
2626
2629
2629
2630
2631
2634
2635
2639
2642
2642
2643
2644
2644
2645
2646
2646
2647
2649
2650
2651
2654
2655
2658
2658
2662
2662
2663
2664
2669
2670
2670
2670
2671
2673
2674
2675
2678
2681
2682
2682
2683
2685
2688
2689
2692
2693
2694
2694
2696
2697
2697
2699
2699
2699
2703
2705
2709
2712
2713
2714
2715
2716
2717
2717
2717
2719
2719
2719
2723
2724
2725
2725
2729
2730
2732
2732
2734
2734
2735
2737
2737
2737
2739
2739
2741
2742
2744
2745
2746
2748
2748
2748
2748
2749
2750
2754
2754
2755
2756
2757
2758
2758
2758
2758
2759
2761
2764
2764
2765
2765
2769
2770
2772
2772
2775
2777
2780
2780
2780
2780
2780
2790
2792
2794
2794
2794
2796
2801
2803
2804
2804
2804
2806
2806
2808
2808
2812
2813
2814
2820
2821
2822
2823
2825
2825
2826
2826
2827
2831
2832
2835
2835
2837
2838
2839
2841
2842
2842
2843
2844
2845
2845
2846
2853
2855
2857
2857
2859
2860
2863
2865
2865
2865
2866
2867
2868
2870
2871
2872
2872
2872
2873
2876
2877
2877
2877
2877
2878
2878
2880
2880
2882
2884
2886
2887
2887
2888
2888
2890
2891
2891
2893
2894
2897
2897
2898
2898
2899
2903
2904
2904
2907
2910
2911
2916
2916
2918
2921
2921
2923
2926
2927
2929
2930
2930
2932
2933
2933
2934
2938
2939
2940
2942
2943
2945
2948
2949
2950
2950
2955
2955
2958
2959
2964
2965
2966
2967
2968
2968
2968
2968
2969
2969
2972
2975
2976
2977
2978
2978
2979
2979
2983
2985
2987
2987
2988
2988
2988
2989
2991
2991
2993
2994
2997
2997
3000
3000
3001
3004
3007
3008
3009
3010
3012
3013
3014
3015
3015
3015
3017
3017
3017
3020
3022
3023
3023
3023
3023
3024
3025
3027
3027
3030
3034
3034
3036
3036
3037
3037
3038
3038
3039
3041
3041
3041
3043
3046
3046
3047
3049
3051
3052
3054
3054
3057
3058
3059
3060
3061
3061
3062
3063
3063
3063
3065
3067
3070
3071
3073
3076
3076
3078
3079
3079
3080
3080
3080
3082
3082
3084
3085
3086
3088
3091
3091
3093
3093
3094
3094
3094
3095
3095
3098
3101
3102
3103
3104
3104
3105
3109
3109
3111
3114
3115
3117
3122
3125
3125
3126
3128
3131
3132
3133
3134
3134
3135
3137
3140
3140
3140
3141
3143
3144
3144
3146
3148
3152
3154
3154
3155
3156
3156
3157
3158
3159
3159
3160
3163
3166
3169
3171
3173
3176
3177
3177
3178
3178
3178
3182
3182
3182
3182
3183
3183
3184
3188
3188
3189
3190
3190
3190
3190
3191
3193
3193
3194
3197
3198
3198
3202
3202
3205
3205
3205
3207
3208
3209
3213
3213
3214
3215
3218
3219
3221
3221
3221
3221
3222
3223
3224
3225
3226
3226
3227
3228
3229
3230
3235
3238
3239
3240
3241
3241
3241
3243
3247
3248
3248
3249
3250
3252
3254
3255
3257
3260
3261
3262
3262
3263
3265
3267
3268
3272
3273
3274
3274
3274
3276
3276
3276
3276
3279
3279
3281
3282
3282
3282
3282
3285
3286
3290
3291
3295
3298
3298
3299
3300
3303
3305
3305
3307
3310
3310
3312
3312
3312
3312
3313
3314
3316
3318
3320
3321
3323
3324
3325
3329
3332
3333
3333
3334
3338
3339
3341
3341
3343
3344
3344
3344
3344
3345
3345
3346
3347
3348
3349
3350
3354
3356
3357
3358
3359
3360
3361
3363
3368
3368
3369
3371
3371
3372
3375
3376
3377
3378
3379
3379
3380
3382
3383
3386
3388
3389
3392
3393
3393
3394
3394
3396
3398
3398
3399
3399
3399
3401
3401
3402
3403
3404
3404
3405
3405
3410
3411
3412
3413
3415
3415
3416
3417
3418
3418
3421
3423
3424
3427
3428
3430
3434
3434
3434
3435
3435
3436
3440
3442
3445
3447
3447
3449
3449
3451
3454
3454
3454
3457
3458
3459
3461
3461
3465
3467
3468
3468
3475
3477
3479
3479
3482
3483
3484
3486
3487
3489
3490
3490
3490
3493
3498
3498
3504
3504
3505
3508
3510
3511
3511
3516
3516
3517
3517
3517
3518
3519
3520
3521
3522
3525
3526
3529
3529
3530
3530
3530
3533
3533
3534
3534
3536
3537
3538
3544
3544
3546
3546
3546
3547
3547
3547
3548
3551
3552
3552
3556
3559
3559
3559
3560
3561
3564
3565
3566
3568
3569
3569
3569
3572
3572
3572
3575
3576
3577
3577
3582
3584
3589
3591
3591
3595
3597
3598
3603
3604
3605
3606
3606
3607
3608
3611
3612
3615
3615
3616
3617
3617
3618
3618
3619
3620
3624
3625
3629
3630
3631
3632
3633
3633
3634
3636
3636
3637
3638
3639
3640
3642
3643
3644
3645
3647
3652
3653
3654
3655
3655
3657
3657
3657
3658
3658
3658
3660
3666
3667
3669
3671
3671
3672
3673
3674
3674
3675
3677
3678
3679
3680
3680
3681
3681
3684
3686
3688
3689
3691
3691
3691
3691
3692
3693
3694
3695
3695
3697
3698
3699
3699
3703
3704
3707
3708
3709
3710
3711
3712
3712
3713
3713
3715
3715
3717
3718
3723
3725
3727
3732
3737
3738
3738
3739
3739
3741
3742
3744
3746
3749
3750
3753
3753
3754
3755
3759
3759
3760
3761
3761
3763
3766
3766
3766
3767
3767
3771
3771
3771
3772
3772
3775
3775
3778
3781
3782
3783
3786
3789
3790
3790
3791
3792
3794
3795
3796
3797
3798
3799
3803
3806
3807
3807
3809
3809
3810
3813
3813
3813
3815
3817
3820
3820
3821
3821
3821
3821
3822
3824
3825
3826
3826
3827
3827
3830
3831
3832
3833
3836
3838
3839
3839
3845
3845
3849
3849
3853
3853
3854
3856
3858
3859
3861
3864
3866
3866
3867
3868
3868
3870
3871
3872
3873
3873
3875
3875
3877
3877
3878
3880
3880
3881
3885
3886
3887
3888
3889
3891
3893
3895
3895
3895
3898
3899
3900
3901
3902
3903
3903
3904
3906
3909
3911
3914
3914
3915
3916
3922
3923
3926
3931
3931
3931
3931
3932
3938
3938
3939
3939
3940
3942
3943
3944
3945
3947
3947
3948
3948
3949
3949
3951
3952
3953
3955
3956
3958
3963
3964
3964
3964
3966
3966
3968
3970
3971
3971
3972
3972
3972
3973
3974
3976
3981
3985
3985
3985
3985
3986
3991
3993
3994
3995
3997
3998
3998
3998
4000
4000
4002
4003
4003
4004
4004
4005
4006
4008
4013
4016
4019
4020
4021
4022
4023
4026
4027
4029
4034
4035
4036
4038
4040
4042
4043
4045
4045
4045
4047
4047
4049
4059
4059
4061
4061
4063
4064
4066
4066
4066
4069
4070
4071
4073
4073
4076
4077
4079
4080
4081
4081
4083
4084
4085
4088
4090
4090
4092
4094
4095
4097
4098
4100
4100
4101
4101
4102
4106
4107
4108
4109
4111
4113
4113
4115
4116
4121
4123
4123
4124
4124
4125
4126
4127
4128
4129
4129
4130
4131
4135
4135
4136
4138
4138
4139
4141
4143
4145
4147
4147
4149
4150
4152
4159
4159
4159
4163
4169
4170
4170
4172
4173
4173
4174
4174
4174
4175
4175
4177
4182
4184
4184
4185
4186
4187
4188
4189
4192
4193
4193
4197
4201
4203
4205
4207
4207
4208
4209
4211
4211
4212
4214
4214
4218
4220
4221
4223
4223
4224
4224
4225
4225
4226
4229
4231
4234
4235
4235
4236
4237
4241
4241
4242
4242
4243
4244
4244
4246
4247
4247
4249
4251
4251
4252
4252
4252
4253
4255
4255
4259
4261
4262
4263
4264
4264
4265
4266
4267
4267
4267
4268
4269
4272
4274
4275
4276
4276
4277
4277
4278
4279
4279
4280
4282
4283
4283
4286
4288
4289
4294
4294
4296
4297
4297
4297
4298
4299
4301
4302
4302
4303
4304
4305
4305
4306
4307
4309
4311
4317
4318
4320
4320
4321
4323
4324
4324
4327
4327
4327
4328
4329
4333
4334
4334
4336
4337
4337
4337
4337
4338
4339
4340
4340
4340
4344
4346
4346
4346
4347
4349
4349
4350
4351
4353
4353
4354
4355
4357
4360
4361
4364
4365
4369
4369
4370
4371
4372
4372
4374
4374
4374
4377
4379
4379
4382
4383
4384
4386
4388
4388
4389
4398
4402
4404
4406
4406
4407
4411
4412
4412
4413
4413
4414
4414
4415
4415
4416
4417
4418
4418
4418
4419
4419
4419
4420
4422
4424
4424
4425
4427
4428
4428
4429
4429
4431
4431
4431
4433
4436
4438
4438
4446
4447
4449
4449
4451
4451
4457
4457
4458
4459
4459
4459
4460
4461
4461
4464
4472
4472
4475
4475
4477
4477
4477
4477
4477
4478
4479
4489
4489
4490
4491
4491
4492
4493
4494
4495
4495
4497
4498
4499
4499
4501
4501
4502
4503
4504
4505
4506
4507
4507
4509
4509
4512
4512
4512
4515
4515
4516
4522
4523
4527
4527
4528
4529
4530
4532
4534
4537
4542
4544
4544
4547
4548
4550
4551
4552
4552
4552
4553
4556
4558
4558
4558
4559
4560
4560
4564
4565
4565
4567
4568
4571
4574
4574
4574
4577
4579
4579
4579
4580
4586
4587
4592
4595
4595
4598
4600
4601
4601
4602
4605
4606
4609
4610
4610
4610
4611
4612
4612
4613
4613
4616
4618
4619
4619
4619
4620
4620
4621
4622
4622
4624
4626
4630
4631
4634
4635
4636
4636
4636
4636
4637
4637
4638
4639
4640
4642
4642
4642
4644
4645
4645
4645
4647
4647
4649
4650
4650
4650
4650
4651
4653
4654
4654
4655
4657
4658
4661
4661
4662
4662
4663
4664
4668
4670
4674
4674
4675
4675
4676
4677
4679
4680
4681
4685
4685
4692
4692
4693
4695
4696
4698
4702
4703
4703
4704
4704
4707
4709
4710
4711
4711
4712
4713
4713
4714
4717
4717
4718
4718
4718
4718
4719
4720
4721
4727
4727
4729
4730
4730
4730
4731
4732
4733
4733
4733
4734
4734
4736
4737
4740
4741
4741
4742
4744
4744
4746
4747
4748
4748
4750
4751
4752
4752
4753
4754
4755
4757
4758
4760
4761
4761
4762
4763
4763
4764
4764
4764
4765
4767
4769
4771
4771
4772
4772
4773
4777
4777
4778
4780
4783
4784
4784
4785
4786
4788
4788
4788
4790
4792
4795
4795
4797
4798
4798
4798
4799
4800
4803
4804
4806
4808
4809
4810
4812
4812
4813
4816
4816
4816
4819
4821
4823
4823
4824
4826
4829
4830
4833
4834
4834
4835
4835
4837
4837
4839
4840
4842
4844
4844
4848
4849
4850
4850
4851
4851
4852
4853
4853
4855
4856
4857
4857
4858
4859
4859
4862
4864
4864
4865
4865
4866
4867
4869
4872
4876
4876
4877
4877
4878
4879
4883
4884
4886
4888
4889
4889
4891
4891
4894
4895
4899
4900
4902
4903
4903
4904
4911
4914
4914
4916
4917
4918
4919
4920
4920
4921
4922
4923
4923
4923
4924
4925
4929
4931
4931
4932
4932
4934
4936
4937
4937
4937
4938
4938
4938
4941
4943
4943
4944
4944
4945
4945
4946
4947
4947
4953
4955
4955
4958
4959
4960
4960
4961
4961
4962
4962
4962
4962
4964
4965
4968
4969
4970
4971
4972
4973
4974
4974
4977
4977
4977
4978
4978
4980
4981
4982
4985
4985
4986
4986
4987
4987
4988
4989
4989
4989
4992
4993
4994
4994
4996
4998
4999
5000
5000
5000
